78701354093427
78701354898627
78701355687097
78701356528019
78701357334345
78701358185312
78701358921462
78701359704584
78701360528958
78701361392428
78701362307428
78701363094950
78701363886271
78701364687515
78701365514553
78701366305615
78701367086162
78701367895908
78701368682918
78701369518295
78701370313980
78701371091646
78701371876164
78701372656136
78701373517095
78701374311382
78701375095116
78701375872630
78701376651626
78701377627748
78701378486768
78701379262422
78701380019928
78701380786037
78701381583768
78701382459046
78701383267772
78701384047248
78701384826815
78701385615396
78701386481613
78701387276195
78701388055090
78701388839237
78701389613851
78701390476002
78701391336939
78701392116629
78701392906818
78701393644090
78701394510943
78701395306856
78701396087709
78701396864131
78701397646051
78701398510600
78701399303166
78701400077953
78701400857478
78701401642883
78701402516783
78701403309229
78701404091060
78701404852995
78701405637597
78701406504165
78701407302652
78701408089912
78701408867390
78701409652288
78701410511882
78701411299282
78701412084889
78701412837097
78701413610824
78701414474031
78701415269723
78701416045659
78701416823086
78701417637981
78701418513396
78701419308426
78701420087955
78701420867493
78701421662814
78701422505749
78701423309981
78701424076898
78701424865531
78701425655353
78701426507250
78701427308350
78701428095179
78701428874286
78701429663333
78701430508761
78701431381460
78701432199980
78701432980978
78701433795077
78701434576389
78701435373424
78701436183055
78701436963623
78701437753823
78701438533381
78701439329214
78701440109494
78701440900195
78701441693042
78701442522733
78701443398072
78701444193187
78701444971215
78701445757734
78701446531088
78701447322056
78701448096527
78701448879574
78701449675641
78701450509825
78701451357966
78701452170719
78701452961661
78701453749806
78701454527417
78701455322503
78701456102346
78701456882775
78701457670035
78701458509865
78701459308339
78701460100313
78701460889440
78701461681620
78701462510147
78701463304776
78701464054034
78701464687059
78701465512969
78701466307665
78701467085286
78701467891391
78701468675023
78701469518398
78701470314555
78701471092210
78701471875015
78701472651526
78701473514186
78701474325641
78701475162317
78701475922835
78701476699468
78701477509487
78701478305970
78701479092387
78701479871253
78701480660372
78701481560490
78701482357741
78701483162068
78701483948708
78701484730033
78701485509862
78701486300206
78701487084288
78701487867309
78701488661250
78701489633775
78701490510327
78701491437217
78701492239030
78701493024120
78701493902745
78701494675836
78701495506450
78701496303607
78701497085411
78701497875019
78701498661928
78701499500930
78701500300227
78701501077484
78701501869805
78701502644308
78701503500229
78701504295016
78701505070347
78701505848981
78701506633149
78701507506517
78701508313064
78701509090858
78701509870003
78701510642897
78701511554785
78701512348824
78701513157986
78701513935171
78701514711257
78701515506301
78701516302349
78701517088095
78701517691235
78701518513231
78701519293555
78701520085397
78701520831150
78701521594842
78701522442244
78701523219772
78701523971978
78701524735741
78701525501835
78701526280446
78701527033495
78701527786096
78701528539931
78701529312111
78701530067674
78701530822641
78701531584111
78701532429968
78701533205864
78701533802762
78701534555545
78701535358424
78701536207216
78701536985366
78701537746294
78701538534897
78701539326200
78701540001396
78701540786581
78701541577791
78701542445633
78701543239435
78701544017704
78701544802796
78701545640666
78701546499292
78701547291302
78701548065628
78701548844134
78701549619325
78701550366626
78701551207480
78701551962590
78701552733461
78701553489631
78701554269540
78701555001644
78701555751379
78701556509172
78701557281377
78701558036940
78701558734483
78701559492615
78701560264018
78701560856574
78701561618648
78701562473222
78701563245027
78701564001282
78701564764456
78701565520947
78701566292785
78701567045699
78701567802658
78701568555610
78701569111810
78701569867864
78701570622840
78701571530901
78701572311576
78701573070453
78701573812680
78701574575404
78701575354132
78701576151119
78701576904875
78701577482116
78701578264973
78701579018968
78701579612468
78701580459662
78701581410424
78701582218361
78701583006167
78701583747784
78701584515063
78701585296777
78701585860059
78701586612424
78701587454666
78701588205259
78701588939090
78701589694369
78701590483793
78701591322637
78701592088681
78701592628295
78701593453891
78701594094122
78701594845498
78701595612343
78701596230798
78701596807279
78701597568865
78701598353249
78701599127178
78701599882366
78701600641518
78701601659228
78701602441143
78701603336095
78701604090165
78701604853716
78701605604912
78701606445564
78701607221151
78701607975760
78701608725912
78701609335239
78701610076056
78701610834998
78701611596180
78701612445599
78701613216204
78701613969943
78701614722229
78701615486458
78701616259027
78701617012261
78701617692693
78701618495943
78701619110948
78701619868099
78701620620748
78701621522846
78701622292663
78701623055494
78701623807802
78701624565195
78701625341900
78701626026727
78701626780837
78701627511485
78701628360554
78701629132297
78701629878813
78701630672494
78701631525465
78701632270761
78701633021586
78701633725350
78701634408987
78701635179330
78701635871744
78701636625980
78701637468350
78701638236037
78701638988825
78701639744247
78701640478473
78701641308576
78701642065452
78701642764267
78701643520647
78701644373091
78701645140239
78701645897185
78701646647369
78701647484470
78701648259817
78701649023315
78701649777984
78701650414919
78701651122926
78701651883220
78701652520052
78701653299064
78701654056191
78701654642606
78701655302437
78701656052834
78701656648697
78701657605151
78701658458707
78701659236163
78701659975194
78701660731069
78701661549820
78701662322711
78701662932127
78701663660704
78701664480267
78701665058032
78701665813505
78701666566496
78701667177928
78701667853926
78701668601514
78701669443727
78701670215053
78701670969772
78701671727615
78701672481517
78701673252829
78701674014008
78701674776836
78701675432093
78701676197353
78701676945817
78701677542427
78701678312032
78701679061773
78701679666877
78701680376081
78701681207967
78701681964829
78701682718371
78701683476395
78701684247186
78701684999306
78701685754028
78701686567905
78701687416857
78701688191337
78701688737105
78701689500788
78701690286774
78701691045130
78701691810917
78701692565495
78701693347290
78701694173185
78701694933609
78701695688669
78701696296496
78701697038961
78701697800097
78701698414032
78701699303319
78701700056294
78701700812824
78701701571840
78701702419365
78701703194162
78701703953896
78701704671605
78701705453129
78701706223110
78701706978981
78701707740031
78701708496594
78701709259477
78701710017980
78701710776897
78701711544957
78701712315328
78701712920277
78701713701989
78701714492198
78701715044270
78701715800164
78701716555451
78701717169107
78701717953584
78701718711751
78701719481847
78701720251654
78701721004137
78701721749626
78701722502183
78701723273542
78701724031541
78701724799671
78701725406703
78701726181257
78701726936693
78701727539758
78701728387698
78701729159657
78701729925949
78701730524896
78701731355779
78701732143894
78701732902092
78701733657124
78701734473733
78701735221247
78701735916848
78701736682516
78701737489801
78701738271210
78701738881427
78701739635555
78701740526926
78701741385515
78701742040723
78701742798964
78701743552562
78701744165365
78701744919304
78701745684981
78701746290163
78701747036240
78701747765620
78701748539597
78701749317681
78701750076806
78701750828739
78701751418557
78701752189052
78701752939582
78701753688625
78701754474483
78701755348415
78701756125876
78701756658636
78701757471910
78701758352641
78701759133737
78701759780155
78701760535107
78701761327375
78701762115951
78701762870313
78701763621202
78701764463052
78701765039711
78701765789895
78701766542741
78701767323319
78701768138583
78701768894006
78701769642126
78701770478391
78701771289148
78701772045181
78701772806313
78701773557489
78701774329931
78701775126075
78701775877027
78701776621956
78701777469671
78701778249166
78701779003765
78701779536185
78701780306881
78701781044940
78701781660715
78701782472267
78701783245362
78701783785916
78701784544198
78701785316001
78701786071579
78701786832122
78701787593433
78701788524569
78701789176319
78701789959164
78701790736547
78701791493582
78701792299243
78701793027307
78701793809793
78701794578514
78701795427062
78701796280390
78701797039566
78701797785188
78701798546443
78701799300793
78701800059137
78701800815453
78701801584634
78701802443119
78701803238835
78701804015992
78701804803428
78701805590756
78701806455570
78701807248552
78701808027624
78701808790062
78701809565988
78701810437653
78701811306264
78701812112593
78701812880933
78701813656336
78701814313242
78701815043918
78701815829981
78701816608168
78701817609305
78701818490836
78701819170079
78701819945726
78701820724584
78701821542636
78701822347156
78701823164794
78701823948458
78701824724621
78701825408005
78701826194822
78701826846509
78701827538057
78701828307180
78701829059919
78701829815925
78701830570143
78701831483673
78701832298822
78701833132470
78701833796767
78701834582792
78701835232419
78701835799174
78701836581127
78701837456219
78701838247084
78701839024364
78701839805606
78701840582875
78701841523790
78701842385115
78701843178485
78701843957090
78701844735864
78701845512172
78701846295377
78701847085716
78701847811717
78701848605021
78701849473324
78701850289328
78701851074862
78701851854807
78701852545116
78701853427079
78701854214501
78701854967817
78701855722877
78701856479456
78701857248711
78701857999654
78701858753100
78701859507535
78701860282771
78701861047075
78701861811149
78701862581957
78701863451530
78701864343545
78701865037546
78701865826547
78701866609378
78701867603356
78701868479309
78701869166948
78701869955262
78701870729496
78701871541156
78701872338327
78701872953789
78701873743638
78701874525394
78701875319179
78701876121381
78701876898154
78701877551788
78701878339754
78701879123505
78701879894725
78701880673614
78701881660239
78701882492156
78701883277708
78701884041436
78701884806683
78701885511938
78701886349123
78701887126232
78701887885072
78701888648023
78701889468720
78701890028357
78701890791736
78701891570517
78701892426537
78701893228388
78701893898102
78701894682297
78701895487344
78701896272227
78701897052424
78701897831516
78701898605754
78701899472750
78701900269114
78701901042318
78701901826469
78701902534030
78701903339275
78701904152735
78701904921983
78701905712320
78701906488563
78701907291148
78701908064309
78701908790377
78701909573347
78701910447391
78701911394701
78701912202844
78701912915777
78701913694188
78701914475738
78701915027514
78701915788501
78701916543707
78701917325833
78701918144088
78701918908076
78701919635893
78701920467747
78701921283293
78701922058048
78701922847136
78701923622748
78701924504304
78701925304189
78701926116599
78701926904367
78701927524008
78701928326674
78701929130031
78701929911062
78701930696743
78701931521794
78701932303470
78701933082243
78701933789018
78701934573109
78701935439536
78701936246021
78701937021274
78701937819863
78701938585737
78701939453187
78701940254289
78701941032613
78701941820169
78701942592716
78701943447051
78701944153292
78701944913358
78701945671352
78701946271565
78701947013708
78701947769584
78701948535332
78701949314598
78701950104847
78701950855427
78701951631426
78701952461175
78701953247793
78701954030622
78701954652987
78701955475634
78701956268400
78701956960202
78701958624177
78701959548112
78701960419906
78701961281633
78701962061794
78701962824181
78701963600766
78701964470128
78701965137021
78701965922666
78701966698114
78701967603107
78701968476881
78701969147210
78701969920999
78701970706473
78701971428043
78701972236100
78701972998450
78701973736523
78701974527986
78701975303353
78701976061177
78701976818401
78701977398188
78701978174469
78701978931077
78701979529165
78701980304084
78701981076475
78701981656503
78701982475932
78701983281029
78701983976952
78701984754683
78701985528941
78701986329315
78701987139517
78701987908336
78701988664798
78701989460867
78701990263121
78701991049214
78701991848855
78701992624164
78701993592801
78701994470002
78701995223802
78701996001002
78701996558183
78701997438083
78701998238665
78701999026513
78701999805170
78702000407171
78702001267160
78702002054489
78702002819721
78702003577671
78702004426035
78702005292642
78702006045230
78702006637818
78702007539678
78702008320744
78702009096011
78702009858731
78702010634062
78702011516721
78702012308967
78702012908141
78702013704192
78702014490401
78702015270341
78702016034365
78702016811227
78702017510671
78702018309533
78702019114489
78702019897549
78702020683481
78702021516863
78702022303630
78702023119668
78702023894445
78702024675240
78702025409626
78702026217670
78702027002169
78702027764032
78702028527515
78702029334963
78702030080168
78702030866849
78702031649022
78702032462587
78702033348219
78702034130919
78702034883595
78702035632651
78702036453864
78702037227673
78702037891227
78702038430086
78702039211958
78702039894578
78702040671904
78702041523063
78702042333250
78702043146892
78702043922043
78702044711459
78702045485124
78702046154407
78702046841256
78702047613854
78702048280508
78702049053494
78702049857743
78702050653533
78702051518393
78702052316572
78702053125917
78702053914539
78702054530111
78702055227376
78702056012999
78702056654361
78702057473746
78702058366485
78702059137488
78702059917406
78702060692867
78702061516205
78702062290161
78702062892674
78702063591086
78702064490368
78702065270170
78702066023203
78702066777239
78702067597835
78702068452111
78702069142424
78702069922042
78702070710872
78702071523492
78702072325143
78702073132791
78702073900242
78702074673722
78702075414219
78702076171039
78702076951135
78702077708805
78702078496546
78702079212971
78702079957054
78702080736198
78702081531360
78702082340279
78702083171302
78702083949123
78702084562361
78702085431866
78702086229968
78702087019238
78702087807097
78702088569597
78702089433860
78702090229423
78702091008008
78702091791251
78702092554877
78702093407008
78702094136291
78702094888413
78702095698773
78702096453791
78702097105066
78702097866639
78702098624692
78702099464901
78702100277608
78702101067987
78702101829427
78702102399507
78702103189714
78702103960316
78702104515769
78702105415937
78702106224911
78702107010178
78702107789999
78702108564901
78702109434845
78702110205007
78702110771665
78702111563109
78702112425320
78702113329460
78702114136984
78702114887754
78702115667978
78702116467331
78702117270753
78702118074501
78702118857732
78702119613428
78702120468260
78702121136479
78702121900448
78702122661313
78702123259262
78702124009298
78702124775725
78702125381133
78702126165600
78702126925860
78702127692433
78702128452811
78702129249937
78702130037427
78702130640656
78702131508854
78702132302088
78702133114459
78702133908015
78702134671944
78702135465518
78702136237311
78702137015183
78702137803284
78702138580306
78702139444123
78702140237104
78702140994809
78702141778412
78702142566142
78702143221564
78702143987613
78702144768180
78702145545507
78702146412279
78702147193729
78702147934863
78702148718252
78702149504783
78702150310833
78702151179238
78702151944712
78702152703740
78702153453024
78702154224162
78702154957361
78702155714278
78702156470201
78702157249122
78702158012547
78702158647143
78702159385532
78702160259511
78702161046792
78702161837965
78702162605807
78702163450575
78702164157584
78702164895783
78702165688203
78702166469029
78702167274335
78702168116845
78702168876069
78702169658583
78702170473092
78702171143866
78702171922630
78702172544526
78702173268130
78702174033150
78702174819330
78702175593083
78702176427769
78702177224814
78702178010390
78702178792909
78702179529650
78702180396985
78702181238784
78702181978336
78702182737211
78702183505921
78702184274820
78702185034588
78702185746467
78702186507472
78702187281155
78702188061417
78702188854787
78702189647268
78702190461918
78702191300180
78702192015702
78702192791474
78702193435139
78702194070095
78702194858454
78702195687843
78702196465184
78702197239336
78702198024957
78702198811731
78702199573462
78702200267760
78702201033151
78702201802387
78702202389923
78702203194353
78702203968131
78702204518509
78702205311197
78702206066087
78702206853805
78702207636399
78702208459111
78702209325438
78702210104487
78702210755641
78702211520870
78702212294505
78702213078784
78702213834951
78702214413763
78702215186125
78702215939357
78702216698771
78702217694674
78702218482869
78702219266706
78702220042729
78702220820963
78702221590411
78702222464954
78702223260008
78702224043100
78702224742729
78702225522658
78702226407821
78702227012299
78702227798035
78702228573681
78702229445414
78702230249287
78702231014392
78702231793889
78702232569740
78702233439551
78702234230222
78702234997966
78702235784750
78702236568244
78702237446000
78702238248164
78702239023371
78702239570136
78702240472969
78702241413722
78702242022308
78702242775902
78702243523527
78702244276569
78702245035303
78702245795722
78702246569274
78702247449291
78702248263027
78702249053311
78702249833884
78702250598934
78702251504016
78702252141723
78702252898966
78702253684689
78702254471616
78702255273116
78702256050812
78702256832066
78702257619128
78702258451536
78702259264354
78702260043390
78702260792851
78702261584960
78702262445258
78702263218445
78702263976549
78702264703590
78702265461577
78702266231828
78702266989268
78702267775684
78702268532857
78702269400823
78702270181348
78702270940003
78702271703197
78702272459616
78702273366499
78702274167522
78702274931931
78702275698391
78702276466566
78702277265781
78702278044862
78702278821248
78702279547347
78702280418470
78702281267856
78702282034675
78702282819532
78702283592700
78702284445962
78702285242518
78702286132951
78702286905510
78702287670540
78702288499422
78702289296062
78702290119280
78702290909497
78702291701561
78702292466258
78702293258419
78702294038148
78702294807096
78702295577809
78702296452220
78702297232325
78702297992633
78702298729990
78702299489029
78702300322842
78702301153248
78702301908404
78702302445587
78702303219528
78702303975530
78702304577585
78702305446377
78702306264037
78702307045123
78702307827157
78702308605217
78702309453594
78702310328416
78702311192481
78702311984023
78702312747847
78702313514986
78702314321698
78702314962811
78702315749872
78702316525870
78702317536918
78702318406892
78702319081424
78702319848256
78702320641756
78702321509104
78702322318087
78702323125735
78702323866716
78702324652585
78702325262024
78702326017251
78702326788777
78702327380978
78702328164100
78702328923654
78702329511887
78702330288716
78702331135224
78702331696466
78702332657278
78702333453217
78702334231273
78702335009266
78702335759239
78702336531883
78702337402372
78702337998240
78702338782964
78702339555511
78702340417025
78702341277516
78702341994595
78702342767238
78702343555798
78702344286599
78702345197898
78702345982800
78702346764660
78702347538911
78702348258039
78702349013385
78702349798277
78702350576406
78702351498281
78702352292004
78702353104818
78702353893358
78702354518481
78702355281127
78702356082809
78702356840243
78702357601242
78702358434594
78702359179444
78702359933503
78702360688608
78702361497950
78702362273555
78702363030035
78702363814181
78702364605493
78702365440940
78702366245716
78702367018784
78702367813287
78702368593090
78702369443851
78702370239358
78702371016949
78702371789356
78702372563657
78702373271811
78702374046074
78702374847086
78702375611686
78702376438118
78702377231569
78702378012264
78702378792087
78702379528335
78702380403356
78702381263506
78702382043084
78702382827286
78702383614469
78702384448971
78702385367437
78702386165638
78702386933566
78702387676365
78702388263597
78702389009767
78702389760001
78702390516106
78702391423409
78702392199604
78702392944441
78702393713711
78702394468349
78702395334231
78702396127307
78702396917482
78702397696357
78702398472475
78702399262179
78702400041187
78702400824728
78702401623777
78702402390459
78702403198080
78702403973031
78702404748259
78702405525492
78702406400279
78702407192000
78702407967188
78702408637806
78702409243074
78702410013366
78702410636272
78702411495354
78702412293290
78702413099588
78702413879076
78702414655922
78702415433869
78702416211006
78702416876258
78702417591189
78702418431939
78702418996079
78702419755369
78702420522997
78702421429797
78702422202334
78702422968938
78702423734733
78702424508867
78702425259904
78702425992185
78702426782936
78702427397082
78702428199749
78702428980212
78702429761445
78702430552566
78702431473066
78702432343237
78702433140697
78702433928417
78702434707320
78702435489699
78702436271475
78702437038145
78702437760572
78702438542105
78702439409630
78702440212226
78702440991152
78702441808956
78702442576331
78702443414543
78702444011951
78702444779022
78702445538462
78702446386021
78702447180711
78702447938329
78702448703674
78702449462157
78702450234329
78702450991312
78702451752452
78702452390819
78702453167290
78702453938529
78702454725558
78702455334566
78702456136223
78702456913212
78702457690194
78702458465893
78702459268358
78702460019921
78702460621022
78702461477469
78702462265218
78702463083126
78702463720969
78702464505224
78702465301326
78702466113395
78702466879292
78702467677808
78702468438505
78702469233811
78702470013742
78702470792459
78702471574333
78702472439758
78702473122913
78702473912107
78702474692015
78702475232900
78702475977003
78702476740405
78702477355521
78702478131876
78702478887774
78702479650060
78702480429912
78702481369692
78702482161496
78702482932578
78702483625036
78702484442491
78702485207653
78702485991092
78702486780130
78702487568068
78702488550206
78702489421583
78702490218484
78702490993030
78702491777195
78702492553999
78702493405975
78702493994659
78702494786089
78702495542621
78702496416827
78702497255136
78702498079995
78702498863134
78702499640276
78702500245545
78702501009346
78702501793996
78702502361495
78702503166655
78702503931457
78702504691022
78702505452538
78702506235609
78702506992789
78702507750694
78702508516433
78702509373842
78702510151580
78702510911984
78702511691761
78702512460962
78702513239573
78702514008746
78702514793416
78702515569970
78702516430362
78702517232690
78702518065346
78702518839124
78702519615737
78702520441202
78702521118829
78702521906750
78702522686108
78702523469876
78702524262355
78702525035789
78702525824384
78702526439632
78702527202132
78702527978616
78702528757918
78702529367277
78702530289938
78702531168317
78702531948752
78702532730257
78702533498223
78702534274204
78702534957585
78702535603196
78702536419660
78702537197656
78702537965724
78702538730736
78702539491757
78702540266515
78702541022876
78702541805639
78702542594393
78702543339197
78702543990976
78702544770577
78702545554596
78702546417515
78702547209948
78702547986632
78702548773262
78702549550149
78702550220799
78702550985134
78702551724688
78702552364063
78702553296311
78702554117656
78702554902837
78702555682183
78702556431533
78702557227181
78702558006372
78702558614784
78702559435653
78702560112951
78702560894948
78702561677293
78702562454867
78702563211264
78702563966968
78702564736176
78702565503806
78702566286793
78702567088813
78702567871567
78702568464616
78702569241537
78702569999385
78702570761309
78702571539401
78702572424761
78702573106206
78702573894227
78702574663083
78702575220173
78702575996603
78702576772312
78702577361688
78702578170649
78702578953996
78702579740714
78702580516210
78702581423187
78702582249291
78702583100879
78702583882354
78702584655787
78702585243148
78702586019091
78702586797002
78702587582330
78702588510148
78702589374846
78702590165151
78702590942158
78702591723227
78702592492644
78702593269396
78702593974823
78702594735344
78702595491448
78702596265667
78702597024156
78702597785408
78702598540688
78702599387770
78702600164998
78702600938836
78702601735593
78702602492374
78702603290109
78702604097166
78702604873395
78702605660855
78702606436630
78702607238266
78702608016308
78702608797405
78702609607985
78702610378632
78702611243992
78702612024658
78702612733448
78702613518014
78702614375363
78702615164344
78702615957698
78702616735533
78702617558997
78702618430497
78702619239117
78702620016104
78702620799040
78702621579318
78702622413952
78702623191764
78702623949256
78702624719441
78702625488641
78702626269065
78702627052697
78702627812854
78702628571211
78702629348166
78702630128309
78702630958778
78702631749680
78702632525459
78702633405395
78702634208459
78702634984925
78702635595990
78702636443681
