78701533820937
78701533860683
78701533879017
78701533895878
78701533912638
78701533929195
78701533945651
78701533962132
78701535932553
78701535951648
78701535968331
78701535984515
78701536000691
78701536016837
78701536033008
78701536049184
78701538040612
78701538060608
78701538077617
78701538094056
78701538110470
78701538127051
78701538143538
78701538159965
78701540121242
78701540139910
78701540156461
78701540172706
78701540188849
78701540204970
78701540221077
78701540237150
78701542229186
78701542248846
78701542265426
78701542281775
78701542297924
78701542314108
78701542330228
78701542346379
78701544320285
78701544338513
78701544355159
78701544371352
78701544387557
78701544403704
78701544419793
78701544435938
78701546423920
78701546443917
78701546460633
78701546476881
78701546493133
78701546509331
78701546525845
78701546542056
78701548516528
78701548534543
78701548550916
78701548567167
78701548583379
78701548599509
78701548615653
78701548631771
78701550586957
78701550606553
78701550623110
78701550639444
78701550655695
78701550671901
78701550688091
78701550704222
78701552670742
78701552688861
78701552705325
78701552721576
78701552738720
78701552755371
78701552771657
78701552787844
78701554765866
78701554784864
78701554801407
78701554817552
78701554833721
78701554849888
78701554865985
78701554881991
78701556849420
78701556867999
78701556884413
78701556900454
78701556916437
78701556932412
78701556948512
78701556964522
78701558944115
78701558962903
78701558979339
78701558995479
78701559011509
78701559027632
78701559043794
78701559059814
78701561028227
78701561047022
78701561063732
78701561079923
78701561096095
78701561112216
78701561128252
78701561144289
78701563123585
78701563142632
78701563159019
78701563175155
78701563191276
78701563207292
78701563223245
78701563239490
78701565206675
78701565225552
78701565241883
78701565257873
78701565273910
78701565289893
78701565305851
78701565321752
78701567303526
78701567322324
78701567338793
78701567354809
78701567370804
78701567386811
78701567403075
78701567419303
78701569390781
78701569411794
78701569428430
78701569444717
78701569460763
78701569476780
78701569492855
78701569508881
78701571483903
78701571502977
78701571519412
78701571535751
78701571552593
78701571568843
78701571584989
78701571601024
78701573566802
78701573585761
78701573602213
78701573618368
78701573634462
78701573650560
78701573671178
78701573687789
78701575662629
78701575682026
78701575698517
78701575714683
78701575730898
78701575746990
78701575763044
78701575779180
78701577745468
78701577764348
78701577780834
78701577797017
78701577813116
78701577829125
78701577845339
78701577861473
78701579840997
78701579859817
78701579876327
78701579892463
78701579908553
78701579924602
78701579940656
78701579956752
78701581929308
78701581952110
78701581970468
78701581989012
78701582011756
78701582029943
78701582047895
78701582065804
78701584028247
78701584051336
78701584068405
78701584084724
78701584101062
78701584117236
78701584133389
78701584149575
78701586111232
78701586130621
78701586147191
78701586163488
78701586179666
78701586195832
78701586211915
78701586228057
78701588204522
78701588223420
78701588240022
78701588256341
78701588272580
78701588288729
78701588304797
78701588320881
78701590289726
78701590309048
78701590325398
78701590341669
78701590357833
78701590373964
78701590390126
78701590406311
78701592390203
78701592408712
78701592425125
78701592441493
78701592457700
78701592473938
78701592490103
78701592506402
78701594468146
78701594487299
78701594503780
78701594520101
78701594536391
78701594552630
78701594568832
78701594585045
78701596576461
78701596594982
78701596611511
78701596627722
78701596643985
78701596660232
78701596676460
78701596692569
78701598646740
78701598665915
78701598682413
78701598698705
78701598714941
78701598731084
78701598747235
78701598763417
78701600764814
78701600784098
78701600800748
78701600816985
78701600833264
78701600849603
78701600865877
78701600882182
78701602825466
78701602844291
78701602860697
78701602877177
78701602893473
78701602909658
78701602925773
78701602941952
78701604918769
78701604938031
78701604954459
78701604970618
78701604986807
78701605003088
78701605019262
78701605035435
78701607004259
78701607022997
78701607039462
78701607055802
78701607072095
78701607088354
78701607104571
78701607120723
78701609097341
78701609116419
78701609133003
78701609149319
78701609165453
78701609181688
78701609197847
78701609213995
78701611182795
78701611201591
78701611218408
78701611235000
78701611251444
78701611267686
78701611283948
78701611300407
78701613278187
78701613297481
78701613313870
78701613330160
78701613346413
78701613362618
78701613378843
78701613395168
78701615361606
78701615380208
78701615396728
78701615412938
78701615434113
78701615450801
78701615467075
78701615483409
78701617456008
78701617475447
78701617492159
78701617508558
78701617524803
78701617541018
78701617557211
78701617573384
78701619540162
78701619558953
78701619575514
78701619591705
78701619607826
78701619623933
78701619640042
78701619656164
78701621635435
78701621654685
78701621671197
78701621687571
78701621703983
78701621720272
78701621736605
78701621752862
78701623718662
78701623737326
78701623753848
78701623770094
78701623786286
78701623802687
78701623818915
78701623835545
78701625814917
78701625834219
78701625850684
78701625866938
78701625883085
78701625899347
78701625915641
78701625931849
78701627897560
78701627916219
78701627932690
78701627948825
78701627964961
78701627981198
78701627997305
78701628013393
78701630001132
78701630021399
78701630038323
78701630054914
78701630071497
78701630088071
78701630104613
78701630121004
78701632076201
78701632095317
78701632111807
78701632128025
78701632144216
78701632160395
78701632176602
78701632192764
78701634172239
78701634191571
78701634208165
78701634224539
78701634240829
78701634257035
78701634273255
78701634289463
78701636254302
78701636272430
78701636288870
78701636305056
78701636321258
78701636337477
78701636353613
78701636369863
78701638349373
78701638368668
78701638385111
78701638401388
78701638417614
78701638433890
78701638449989
78701638466213
78701640431628
78701640449808
78701640466276
78701640482619
78701640499225
78701640515433
78701640531638
78701640547787
78701642525290
78701642544622
78701642561015
78701642577310
78701642593494
78701642609716
78701642625920
78701642642073
78701644613611
78701644634237
78701644650756
78701644667022
78701644683299
78701644699501
78701644715625
78701644731788
78701646706775
78701646725691
78701646742112
78701646758236
78701646774451
78701646790627
78701646806738
78701646822874
78701648789566
78701648808467
78701648824834
78701648840933
78701648857117
78701648873370
78701648889536
78701648905610
78701650888872
78701650911498
78701650929557
78701650946069
78701650962277
78701650978369
78701650996099
78701651013750
78701652968861
78701652986892
78701653003962
78701653021070
78701653037307
78701653053648
78701653071539
78701653089184
78701655065674
78701655087218
78701655105022
78701655121227
78701655141594
78701655158053
78701655174145
78701655190148
78701657149220
78701657170949
78701657188950
78701657205091
78701657221202
78701657237322
78701657254599
78701657272084
78701659244519
78701659266585
78701659284662
78701659300897
78701659317024
78701659333186
78701659350654
78701659367989
78701661327919
78701661349333
78701661367017
78701661383243
78701661399328
78701661415273
78701661432457
78701661451037
78701663423260
78701663443619
78701663460128
78701663477641
78701663496051
78701663514708
78701663532321
78701663548512
78701665505846
78701665524694
78701665541093
78701665558543
78701665576904
78701665595501
78701665612867
78701665628981
78701667609947
78701667631358
78701667649254
78701667668319
78701667688213
78701667708350
78701667727322
78701667745127
78701669687061
78701669707242
78701669723876
78701669741561
78701669759880
78701669778303
78701669795607
78701669811727
78701671782136
78701671801262
78701671817830
78701671835408
78701671853622
78701671872161
78701671889538
78701671905908
78701673865126
78701673883952
78701673900612
78701673918236
78701673936789
78701673955283
78701673972795
78701673989548
78701675962116
78701675981406
78701675997817
78701676015344
78701676033831
78701676052221
78701676069391
78701676085548
78701678045598
78701678064757
78701678081166
78701678098541
78701678116971
78701678135202
78701678152471
78701678168624
78701680140148
78701680158753
78701680175197
78701680192563
78701680210765
78701680229203
78701680246332
78701680262426
78701682224032
78701682243189
78701682259696
78701682277075
78701682295350
78701682313775
78701682331059
78701682347233
78701684318852
78701684337538
78701684353909
78701684371134
78701684389213
78701684407556
78701684424987
78701684441143
78701686402435
78701686425607
78701686442331
78701686459759
78701686478146
78701686496365
78701686513790
78701686530012
78701688496915
78701688516084
78701688533034
78701688550478
78701688567716
78701688585075
78701688602226
78701688618425
78701690581452
78701690600572
78701690616988
78701690634261
78701690651495
78701690668924
78701690686279
78701690702384
78701692674938
78701692694181
78701692710696
78701692728177
78701692746446
78701692764624
78701692781900
78701692798079
78701694760166
78701694778918
78701694795296
78701694812647
78701694830819
78701694849239
78701694866402
78701694882578
78701696854759
78701696874340
78701696890678
78701696907931
78701696926133
78701696944427
78701696961648
78701696977733
78701698938947
78701698958437
78701698975066
78701698992758
78701699011059
78701699029330
78701699046467
78701699062670
78701701035364
78701701056555
78701701073132
78701701090692
78701701108885
78701701127220
78701701144407
78701701160480
78701703119568
78701703138095
78701703154555
78701703172148
78701703190675
78701703210131
78701703227585
78701703243756
78701705213754
78701705233266
78701705249980
78701705267564
78701705286124
78701705304878
78701705322492
78701705338956
78701707296902
78701707315398
78701707331845
78701707349159
78701707367326
78701707385762
78701707403018
78701707419299
78701709390916
78701709410152
78701709426784
78701709444383
78701709462841
78701709481069
78701709498350
78701709514523
78701711474487
78701711493015
78701711509520
78701711526988
78701711545420
78701711564128
78701711581685
78701711597972
78701713568306
78701713587587
78701713604222
78701713621676
78701713639955
78701713658253
78701713675567
78701713691706
78701715653569
78701715672349
78701715688834
78701715706265
78701715724675
78701715743159
78701715760508
78701715781046
78701717747441
78701717767047
78701717783402
78701717800819
78701717819123
78701717837537
78701717854775
78701717870953
78701719835474
78701719855912
78701719872335
78701719889854
78701719908297
78701719926845
78701719944191
78701719960517
78701721930224
78701721949619
78701721966174
78701721983726
78701722013576
78701722032896
78701722050580
78701722067370
78701724012402
78701724031657
78701724048908
78701724066717
78701724084115
78701724101438
78701724118894
78701724135114
78701726107126
78701726126854
78701726143287
78701726160914
78701726178419
78701726197852
78701726215426
78701726231588
78701728190722
78701728208957
78701728225391
78701728242898
78701728261276
78701728279558
78701728296775
78701728313025
78701730286027
78701730305522
78701730322112
78701730339562
78701730358012
78701730376260
78701730393346
78701730409620
78701732370559
78701732389866
78701732406444
78701732423731
78701732441962
78701732460083
78701732477404
78701732493804
78701734464479
78701734483926
78701734500778
78701734518208
78701734536442
78701734554700
78701734572010
78701734588254
78701736548357
78701736567504
78701736583997
78701736601447
78701736619631
78701736637981
78701736655124
78701736671254
78701738642698
78701738661832
78701738678473
78701738696239
78701738714635
78701738733281
78701738750694
78701738767034
78701740726770
78701740744959
78701740761457
78701740779050
78701740797406
78701740815774
78701740833009
78701740849208
78701742822465
78701742842618
78701742859142
78701742876645
78701742895150
78701742913570
78701742930959
78701742947143
78701744905491
78701744923954
78701744940854
78701744958423
78701744976848
78701744995622
78701745013832
78701745030075
78701747000978
78701747019963
78701747036707
78701747054781
78701747073198
78701747095729
78701747113478
78701747129721
78701749084765
78701749104981
78701749121735
78701749139209
78701749157255
78701749175607
78701749192876
78701749210942
78701751184943
78701751207013
78701751223807
78701751241517
78701751260240
78701751278533
78701751296217
78701751312560
78701753266585
78701753285708
78701753302247
78701753319695
78701753337946
78701753356406
78701753373750
78701753389987
78701755363223
78701755382572
78701755399035
78701755416582
78701755435133
78701755453636
78701755470809
78701755486947
78701757445258
78701757464098
78701757480548
78701757498685
78701757517057
78701757535482
78701757552756
78701757568891
78701759541957
78701759561485
78701759578647
78701759596253
78701759613604
78701759631110
78701759648300
78701759664398
78701761624091
78701761643042
78701761659477
78701761676905
78701761694227
78701761711569
78701761728742
78701761744849
78701763720056
78701763739107
78701763755669
78701763773166
78701763791727
78701763810044
78701763827367
78701763843747
78701765803019
78701765822057
78701765838700
78701765856358
78701765874887
78701765893489
78701765911437
78701765928012
78701767898195
78701767918678
78701767935338
78701767953021
78701767971485
78701767990047
78701768007675
78701768024043
78701769980922
78701770010767
78701770028249
78701770046325
78701770065152
78701770083919
78701770101470
78701770118031
78701772072138
78701772090666
78701772107075
78701772124690
78701772142864
78701772161397
78701772178695
78701772194934
78701774286144
78701774309457
78701774326894
78701774347502
78701774366487
78701774385380
78701774403117
78701774419806
78701776381908
78701776402651
78701776419372
78701776437166
78701776455826
78701776474338
78701776492033
78701776508416
78701778469184
78701778491146
78701778507952
78701778525581
78701778548470
78701778567359
78701778584745
78701778601017
78701780563346
78701780582680
78701780599720
78701780617448
78701780635543
78701780653654
78701780671111
78701780687238
78701782646215
78701782665589
78701782682097
78701782699755
78701782718210
78701782736627
78701782754033
78701782770197
78701784739754
78701784759011
78701784775539
78701784792898
78701784811242
78701784829671
78701784846985
78701784863259
78701786825141
78701786844085
78701786860935
78701786878579
78701786896982
78701786915308
78701786932458
78701786948662
78701788918369
78701788937610
78701788954216
78701788971759
78701788989983
78701789008333
78701789025669
78701789041914
78701791035196
78701791053906
78701791070317
78701791087812
78701791106188
78701791124557
78701791141737
78701791157826
78701793105096
78701793124377
78701793140863
78701793158254
78701793176621
78701793194985
78701793212117
78701793228311
78701795190379
78701795209718
78701795226857
78701795244535
78701795261883
78701795279422
78701795296799
78701795313296
78701797283471
78701797302738
78701797319232
78701797336598
78701797354034
78701797371397
78701797388702
78701797404950
78701799369443
78701799388331
78701799404989
78701799422543
78701799441107
78701799459396
78701799476541
78701799492840
78701801462842
78701801482163
78701801499036
78701801516667
78701801535215
78701801553609
78701801571026
78701801587436
78701803579670
78701803599485
78701803616137
78701803633647
78701803652083
78701803670625
78701803688000
78701803704312
78701805652675
78701805671883
78701805688535
78701805706100
78701805724598
78701805742916
78701805760233
78701805776368
78701807769668
78701807788287
78701807804638
78701807822155
78701807840370
78701807858575
78701807875840
78701807891978
78701809870656
78701809889834
78701809910593
78701809928349
78701809946706
78701809964804
78701809981944
78701810009362
78701811965631
78701811986389
78701812002796
78701812020480
78701812039224
78701812057562
78701812074793
78701812090954
78701814057239
78701814077227
78701814093905
78701814111678
78701814130454
78701814149253
78701814166911
78701814183435
78701816160233
78701816178860
78701816195293
78701816212662
78701816230876
78701816249034
78701816266275
78701816282375
78701818262679
78701818282242
78701818298673
78701818316065
78701818334313
78701818352876
78701818370135
78701818386271
78701820354494
78701820372504
78701820388841
78701820406394
78701820424812
78701820443198
78701820460471
78701820476599
78701822424921
78701822444293
78701822460769
78701822478150
78701822496692
78701822515029
78701822532241
78701822548379
78701824509085
78701824527918
78701824544429
78701824561912
78701824580325
78701824598656
78701824615912
78701824632165
78701826604163
78701826623290
78701826639659
78701826657747
78701826676123
78701826694571
78701826711966
78701826728147
78701828687169
78701828705860
78701828722329
78701828740090
78701828758334
78701828776482
78701828793780
78701828809964
78701830782487
78701830801993
78701830818929
78701830836289
78701830853582
78701830870881
78701830888130
78701830904202
78701832897253
78701832915963
78701832932352
78701832949966
78701832967154
78701832984729
78701833002075
78701833018225
78701834998926
78701835017995
78701835034537
78701835051985
78701835070328
78701835088745
78701835106130
78701835122251
78701837091552
78701837110305
78701837126763
78701837144013
78701837162279
78701837180590
78701837197644
78701837213822
78701839192969
78701839213022
78701839229599
78701839247150
78701839265524
78701839284014
78701839301429
78701839317573
78701841283679
78701841302827
78701841319276
78701841336751
78701841354996
78701841373594
78701841390935
78701841407366
78701843385660
78701843405004
78701843421528
78701843439400
78701843457607
78701843476069
78701843493279
78701843509391
78701845477049
78701845496089
78701845512556
78701845530546
78701845548770
78701845567006
78701845584273
78701845600490
78701847578607
78701847597649
78701847614135
78701847631422
78701847649966
78701847668272
78701847685427
78701847701567
78701849671061
78701849689723
78701849706093
78701849723431
78701849741622
78701849759811
78701849776871
78701849792991
78701851772295
78701851791379
78701851807889
78701851825461
78701851844010
78701851862280
78701851879770
78701851896056
78701853864004
78701853882986
78701853899898
78701853917353
78701853935396
78701853953693
78701853970960
78701853987166
78701855933157
78701855951988
78701855968433
78701855985854
78701856004179
78701856022546
78701856039762
78701856056015
78701858021987
78701858041202
78701858057869
78701858075493
78701858093790
78701858112143
78701858129317
78701858145422
78701860115297
78701860135028
78701860151646
78701860169087
78701860187235
78701860205541
78701860222880
78701860239058
78701862232137
78701862251138
78701862267461
78701862284777
78701862303078
78701862321248
78701862338382
78701862354538
78701864332789
78701864351410
78701864368104
78701864385482
78701864403743
78701864422084
78701864439361
78701864455441
78701866425452
78701866445077
78701866462046
78701866479311
78701866496688
78701866513991
78701866531115
78701866547321
78701868527624
78701868546697
78701868563095
78701868580581
78701868597861
78701868615080
78701868632348
78701868648514
78701870618918
78701870637553
78701870654020
78701870671419
78701870689487
78701870707859
78701870729096
78701870746048
78701872719653
78701872739025
78701872755584
78701872772974
78701872791115
78701872809214
78701872826242
78701872842343
78701874813968
78701874833765
78701874850313
78701874867507
78701874885750
78701874904078
78701874921236
78701874937352
78701876913354
78701876932553
78701876948883
78701876966112
78701876984160
78701877002177
78701877019153
78701877035148
78701879005624
78701879025293
78701879041880
78701879059207
78701879077455
78701879095665
78701879112982
78701879129189
78701881106651
78701881125798
78701881142216
78701881159646
78701881177881
78701881196114
78701881213176
78701881229288
78701883186990
78701883205633
78701883222115
78701883239492
78701883257924
78701883276580
78701883294104
78701883310335
78701885268868
78701885288288
78701885304737
78701885322178
78701885340497
78701885358903
78701885376161
78701885392414
78701887354306
78701887372962
78701887389511
78701887407142
78701887425555
78701887443935
78701887461056
78701887477230
78701889447547
78701889466703
78701889483530
78701889501258
78701889519481
78701889537777
78701889554758
78701889570807
78701891563628
78701891582031
78701891598924
78701891616403
78701891634642
78701891652931
78701891670092
78701891686290
78701893657152
78701893676301
78701893692752
78701893710365
78701893728627
78701893746824
78701893764041
78701893780276
78701895756138
78701895774971
78701895791435
78701895808760
78701895827043
78701895845349
78701895862544
78701895878750
78701897861438
78701897881413
78701897897884
78701897915385
78701897933499
78701897951620
78701897968752
78701897984930
78701899949745
78701899968552
78701899985027
78701900002446
78701900020814
78701900038915
78701900055937
78701900071991
78701902054502
78701902074638
78701902091929
78701902109900
78701902131466
78701902149520
78701902167515
78701902184033
78701904152089
78701904170852
78701904187332
78701904204934
78701904222402
78701904239891
78701904257303
78701904273546
78701906254351
78701906273811
78701906290367
78701906307760
78701906326123
78701906344271
78701906361338
78701906377531
78701908346051
78701908364166
78701908380690
78701908398259
78701908416676
78701908435039
78701908452039
78701908468183
78701910448983
78701910469770
78701910486237
78701910503852
78701910522207
78701910540323
78701910557512
78701910573631
78701912539251
78701912557343
78701912573737
78701912591229
78701912609286
78701912627654
78701912644885
78701912661021
78701914609464
78701914629056
78701914645477
78701914662849
78701914681052
78701914699203
78701914716463
78701914732639
78701916693180
78701916711958
78701916728506
78701916745845
78701916764192
78701916782544
78701916799823
78701916815997
78701918786717
78701918805475
78701918821890
78701918839230
78701918857700
78701918875891
78701918893138
78701918909375
78701920870933
78701920889737
78701920906159
78701920923625
78701920941757
78701920959857
78701920977113
78701920993492
78701922999535
78701923018741
78701923035121
78701923052464
78701923070999
78701923089328
78701923106686
78701923122939
78701925089502
78701925108150
78701925124396
78701925141698
78701925159788
78701925177997
78701925195180
78701925211300
78701927190948
78701927209845
78701927226452
78701927243831
78701927262287
78701927280578
78701927297975
78701927314214
78701929283068
78701929301859
78701929318225
78701929335822
78701929354081
78701929372343
78701929389460
78701929405620
78701931384506
78701931403485
78701931420006
78701931437559
78701931455690
78701931473802
78701931490950
78701931507156
78701933476462
78701933495438
78701933516029
78701933533839
78701933552077
78701933570268
78701933587332
78701933603472
78701935574608
78701935593803
78701935610304
78701935627775
78701935646010
78701935664470
78701935681785
78701935698102
78701937670368
78701937689567
78701937706331
78701937723689
78701937741053
78701937758413
78701937775621
78701937791730
78701939774999
78701939794056
78701939810437
78701939827823
78701939845202
78701939862699
78701939880152
78701939896335
78701941872794
78701941891538
78701941907851
78701941925304
78701941943483
78701941961721
78701941978913
78701942002857
78701943924913
78701943943723
78701943960272
78701943977894
78701943996240
78701944014544
78701944031762
78701944048083
78701946022858
78701946043425
78701946059943
78701946077379
78701946095548
78701946113755
78701946131022
78701946147233
78701948114097
78701948133266
78701948150056
78701948168029
78701948186370
78701948204432
78701948221691
78701948237816
78701950199676
78701950218953
78701950235419
78701950252895
78701950271336
78701950289486
78701950306825
78701950323058
78701952323828
78701952342335
78701952358892
78701952376366
78701952394405
78701952412664
78701952429773
78701952445858
78701954424788
78701954444334
78701954460812
78701954478145
78701954496432
78701954514851
78701954532019
78701954548324
78701956496610
78701956527067
78701956544322
78701956561597
78701956579905
78701956598318
78701956615445
78701956631693
78701958610514
78701958629272
78701958646354
78701958664047
78701958682482
78701958700860
78701958718131
78701958734343
78701960715307
78701960734191
78701960750762
78701960768534
78701960786739
78701960805053
78701960822358
78701960838582
78701962788674
78701962818358
78701962834955
78701962852791
78701962871169
78701962889582
78701962906893
78701962927274
78701964909135
78701964928191
78701964944556
78701964961911
78701964980055
78701964998210
78701965015285
78701965031566
78701966998102
78701967016805
78701967033217
78701967050742
78701967069270
78701967087586
78701967104826
78701967121050
78701969077639
78701969108836
78701969125301
78701969142904
78701969161928
78701969180420
78701969197603
78701969213686
78701971199542
78701971218209
78701971234713
78701971252150
78701971270659
78701971289066
78701971306546
78701971322840
78701973251824
78701973271570
78701973288590
78701973306327
78701973323885
78701973341564
78701973359022
78701973375307
78701975355824
78701975374422
78701975390810
78701975408198
78701975425746
78701975443052
78701975460388
78701975476572
78701977434389
78701977453204
78701977469726
78701977487243
78701977506164
78701977524818
78701977542399
78701977558721
78701979519867
78701979538909
78701979555954
78701979573649
78701979592032
78701979610236
78701979627506
78701979643712
78701981650737
78701981672004
78701981688641
78701981706128
78701981724549
78701981742639
78701981759767
78701981775914
78701983749795
78701983768481
78701983784950
78701983802609
78701983821132
78701983839641
78701983857064
78701983873326
78701985828834
78701985847599
78701985864026
78701985881482
78701985899619
78701985917979
78701985935053
78701985951233
78701987942802
78701987961966
78701987978470
78701987995767
78701988014148
78701988032464
78701988049625
78701988065842
78701990038061
78701990057479
78701990074256
78701990092053
78701990110801
78701990129450
78701990147200
78701990163781
78701992132872
78701992151905
78701992168504
78701992186111
78701992204486
78701992222825
78701992240133
78701992256326
78701994229281
78701994248531
78701994264852
78701994282329
78701994300716
78701994323125
78701994340793
78701994357030
78701996327732
78701996346289
78701996362765
78701996380175
78701996398492
78701996416766
78701996433999
78701996450143
78701998420416
78701998439545
78701998455892
78701998473353
78701998491637
78701998509822
78701998527278
78701998543445
78702000519816
78702000538230
78702000554558
78702000571965
78702000590402
78702000608558
78702000625695
78702000641916
78702002586612
78702002605760
78702002622423
78702002639961
78702002658381
78702002676767
78702002694252
78702002710678
78702004683236
78702004703026
78702004719570
78702004737126
78702004755242
78702004773435
78702004790511
78702004806594
78702006765426
78702006783859
78702006800238
78702006817546
78702006835539
78702006853660
78702006870841
78702006887003
78702008859481
78702008879176
78702008896086
78702008913373
78702008930584
78702008947839
78702008965066
78702008981120
78702010974725
78702010993476
78702011009861
78702011027085
78702011044361
78702011061539
78702011078729
78702011094875
78702013074698
78702013093897
78702013110361
78702013127858
78702013145890
78702013164180
78702013181231
78702013197515
78702015167509
78702015186156
78702015202678
78702015220283
78702015238529
78702015256579
78702015273815
78702015290429
78702017269950
78702017290476
78702017307032
78702017324453
78702017342411
78702017360524
78702017377646
78702017393707
78702019360958
78702019379688
78702019395992
78702019413395
78702019431588
78702019449748
78702019466928
78702019483056
78702021461802
78702021481125
78702021497644
78702021515178
78702021533656
78702021551800
78702021568869
78702021584972
78702023554351
78702023573132
78702023589667
78702023607097
78702023625136
78702023643089
78702023660205
78702023676313
78702025655093
78702025674394
78702025690949
78702025708503
78702025731094
78702025749652
78702025766881
78702025783045
78702027748675
78702027767828
78702027784641
78702027802257
78702027820567
78702027838762
78702027856118
78702027872415
78702029848687
78702029867930
78702029884356
78702029901655
78702029919881
78702029937978
78702029955190
78702029971303
78702031933793
78702031952806
78702031969229
78702031986619
78702032005012
78702032023677
78702032040888
78702032057108
78702034021134
78702034040823
78702034057531
78702034075337
78702034094103
78702034112820
78702034130561
78702034147478
78702036096607
78702036115219
78702036131644
78702036148958
78702036167321
78702036185662
78702036202941
78702036219114
78702038191520
78702038211473
78702038228006
78702038245245
78702038263511
78702038281660
78702038298778
78702038314971
78702040306259
78702040324220
78702040340588
78702040357972
78702040375945
78702040394054
78702040411176
78702040427453
78702042391322
78702042410931
78702042427340
78702042444793
78702042463162
78702042481385
78702042498444
78702042514631
78702044506342
78702044524976
78702044541819
78702044559409
78702044576686
78702044594074
78702044611564
78702044627885
78702046607684
78702046627306
78702046643918
78702046661318
78702046678642
78702046695973
78702046713201
78702046729314
78702048692752
78702048712776
78702048729439
78702048746955
78702048765285
78702048783415
78702048800611
78702048816723
78702050800810
78702050819764
78702050836220
78702050853586
78702050871705
78702050889869
78702050906914
78702050923012
78702052894880
78702052914877
78702052931236
78702052948649
78702052966741
78702052984888
78702053002034
78702053018070
78702054994994
78702055014023
78702055030404
78702055047777
78702055066021
78702055084333
78702055101505
78702055117633
78702057086808
78702057105733
78702057126104
78702057143764
78702057162041
78702057180402
78702057197614
78702057213760
78702059185379
78702059204518
78702059221006
78702059238606
78702059256843
78702059274960
78702059292229
78702059308439
78702061280787
78702061300015
78702061316534
78702061334432
78702061352650
78702061370846
78702061388126
78702061404284
78702063349842
78702063368788
78702063385274
78702063402788
78702063421231
78702063439278
78702063456469
78702063472717
78702065433535
78702065452336
78702065468766
78702065486285
78702065504907
78702065523136
78702065540486
78702065556770
78702067527741
78702067547829
78702067564531
78702067581935
78702067600201
78702067618917
78702067636113
78702067652232
78702069642993
78702069661799
78702069678211
78702069695661
78702069713755
78702069731933
78702069749057
78702069765294
78702071744769
78702071763878
78702071780248
78702071797510
78702071815898
78702071834236
78702071851376
78702071867497
78702073837215
78702073856021
78702073872508
78702073890001
78702073908292
78702073926933
78702073944112
78702073960252
78702075938431
78702075957540
78702075973924
78702075991450
78702076009782
78702076028132
78702076045382
78702076061512
78702078037497
78702078056842
78702078073632
78702078091471
78702078109908
78702078128630
78702078146236
78702078162723
78702080132388
78702080151840
78702080168861
78702080186211
78702080203558
78702080220958
78702080238143
78702080254322
78702082225666
78702082244841
78702082261242
78702082278736
78702082295886
78702082313367
78702082330555
78702082346758
78702084329293
78702084349440
78702084366180
78702084383600
78702084402030
78702084420441
78702084437845
78702084453994
78702086421800
78702086441006
78702086457408
78702086474995
78702086493331
78702086511690
78702086528964
78702086545144
78702088525006
78702088545171
78702088561756
78702088579852
78702088598467
78702088616859
78702088633975
78702088650112
78702090616255
78702090634962
78702090651447
78702090668952
78702090687108
78702090705255
78702090722277
78702090738441
78702092686278
78702092705725
78702092722184
78702092739656
78702092757705
78702092775746
78702092792940
78702092809113
78702094771198
78702094789901
78702094806403
78702094823847
78702094842250
78702094860712
78702094878004
78702094894400
78702096864741
78702096884053
78702096900478
78702096917664
78702096935921
78702096953993
78702096971255
78702096987407
78702098948934
78702098967178
78702098983712
78702099001286
78702099019694
78702099037990
78702099055234
78702099071451
78702101073326
78702101092608
78702101109165
78702101126644
78702101144847
78702101163173
78702101180382
78702101196531
78702103166351
78702103185236
78702103201701
78702103219450
78702103237879
78702103255907
78702103273106
78702103289279
78702105267148
78702105286222
78702105302706
78702105320184
78702105338634
78702105356853
78702105374037
78702105390186
78702107359992
78702107378781
78702107395135
78702107412460
78702107430730
78702107449038
78702107466184
78702107482381
78702109461060
78702109480368
78702109497046
78702109514419
78702109532520
78702109550755
78702109567954
78702109584158
78702111553283
78702111572165
78702111588875
78702111606379
78702111624657
78702111642954
78702111660118
78702111676238
78702113654760
78702113674132
78702113690586
78702113707915
78702113726231
78702113744190
78702113761339
78702113777370
78702115725319
78702115744595
78702115761463
78702115778867
78702115796293
78702115813655
78702115830880
78702115847089
78702117849773
78702117868945
78702117885456
78702117902811
78702117920160
78702117937472
78702117958810
78702117975334
78702119942971
78702119961955
78702119978483
78702119996019
78702120014275
78702120032722
78702120049935
78702120066193
78702122021896
78702122041759
78702122058280
78702122075779
78702122094246
78702122112783
78702122129919
78702122146148
78702124103931
78702124123379
78702124139686
78702124156958
78702124175011
78702124193109
78702124210341
78702124226421
78702126197962
78702126217324
78702126233618
78702126251049
78702126269359
78702126287413
78702126304575
78702126320606
78702128282916
78702128301381
78702128317777
78702128335307
78702128353361
78702128371478
78702128388447
78702128404461
78702130408790
78702130428262
78702130444785
78702130462002
78702130480218
78702130498283
78702130515427
78702130531649
78702132500719
78702132519703
78702132536025
78702132553387
78702132571613
78702132589694
78702132606811
78702132623013
78702134601992
78702134621158
78702134637572
78702134655097
78702134673656
78702134692128
78702134709324
78702134725457
78702136694651
78702136713462
78702136730010
78702136747537
78702136765671
78702136783706
78702136800596
78702136816776
78702138796099
78702138815031
78702138831522
78702138849001
78702138867355
78702138885560
78702138902688
78702138918855
78702140888156
78702140907002
78702140923449
78702140940822
78702140959070
78702140977015
78702140994173
78702141010541
78702142990375
78702143009497
78702143026074
78702143043502
78702143062033
78702143080436
78702143097697
78702143113782
78702145073858
78702145103631
78702145120121
78702145137626
78702145156013
78702145174233
78702145191432
78702145207513
78702147183447
78702147202560
78702147219488
78702147237052
78702147255814
78702147274138
78702147291330
78702147307519
78702149275567
78702149294260
78702149310687
78702149328044
78702149350182
78702149368889
78702149386076
78702149402146
78702151346328
78702151365918
78702151382842
78702151400356
78702151417718
78702151435366
78702151452863
78702151469155
78702153429780
78702153448756
78702153465240
78702153483008
78702153500465
78702153517738
78702153534836
78702153550909
78702155524236
78702155543069
78702155559481
78702155576812
78702155595124
78702155613276
78702155630483
78702155646778
78702157608629
78702157627499
78702157643991
78702157661442
78702157679737
78702157698021
78702157715359
78702157731551
78702159734700
78702159754680
78702159771299
78702159788661
78702159806743
78702159824937
78702159842141
78702159858239
78702161824152
78702161843111
78702161859860
78702161877361
78702161895415
78702161913388
78702161930362
78702161946371
78702163925639
78702163944717
78702163961064
78702163978469
78702163996642
78702164014821
78702164032106
78702164048176
78702166025556
78702166044824
78702166061656
78702166079324
78702166097880
78702166116521
78702166134143
78702166150680
78702168120153
78702168139205
78702168155718
78702168173111
78702168191542
78702168209824
78702168226882
78702168242995
78702170213464
78702170232647
78702170248993
78702170266573
78702170284789
78702170302866
78702170320039
78702170336204
78702172313740
78702172332262
78702172348748
78702172366306
78702172384549
78702172402839
78702172419907
78702172436099
78702174407034
78702174426330
78702174442706
78702174460205
78702174478502
78702174496870
78702174514097
78702174530166
78702176488302
78702176507219
78702176524365
78702176541899
78702176560059
78702176578596
78702176595758
78702176611858
78702178573852
78702178593841
78702178610583
78702178628228
78702178646549
78702178664861
78702178682135
78702178698249
78702180666886
78702180686255
78702180708786
78702180726870
78702180745444
78702180763797
78702180781192
78702180797339
78702182752043
78702182770641
78702182787096
78702182804621
78702182822900
78702182841098
78702182858399
78702182874541
78702184845128
78702184864563
78702184881146
78702184899013
78702184917320
78702184935484
78702184952623
78702184968670
78702186930367
78702186949498
78702186966461
78702186983847
78702187001101
78702187018494
78702187035653
78702187051888
78702189056469
78702189075992
78702189092576
78702189109926
78702189127058
78702189144501
78702189161659
78702189177820
78702191147584
78702191166229
78702191182683
78702191200115
78702191218342
78702191236638
78702191253772
78702191269885
78702193248579
78702193267915
78702193284445
78702193301916
78702193320374
78702193338438
78702193355647
78702193371721
78702195345171
78702195366682
78702195383214
78702195400701
78702195419114
78702195437367
78702195454563
78702195470858
78702197445672
78702197464971
78702197481393
78702197499115
78702197517399
78702197535727
78702197552718
78702197568811
78702199538319
78702199557187
78702199573716
78702199591508
78702199609708
78702199628001
78702199645341
78702199661593
78702201639124
78702201658388
78702201674865
78702201692343
78702201710743
78702201728945
78702201745858
78702201761966
78702203731423
78702203750220
78702203766640
78702203784168
78702203802494
78702203820762
78702203838014
78702203854198
78702205832402
78702205851789
78702205868264
78702205885626
78702205903921
78702205922109
78702205939215
78702205955400
78702207924835
78702207943548
78702207959803
78702207977096
78702207995464
78702208013687
78702208030955
78702208047108
78702210002116
78702210022252
78702210038919
78702210056359
78702210074728
78702210093122
78702210110496
78702210131119
78702212079300
78702212097580
78702212114158
78702212131472
78702212149829
78702212168101
78702212185195
78702212201387
78702214174659
78702214194054
78702214210459
78702214228234
78702214247165
78702214265469
78702214282556
78702214298575
78702216257845
78702216275822
78702216292225
78702216309532
78702216327763
78702216345779
78702216363031
78702216379130
78702218384185
78702218403557
78702218420045
78702218437282
78702218455713
78702218473942
78702218491236
78702218507762
78702220476325
78702220494456
78702220510699
78702220528098
78702220546201
78702220564469
78702220581536
78702220597647
78702222571376
78702222591295
78702222608360
78702222625631
78702222642850
78702222660040
78702222677220
78702222693306
78702224677106
78702224695175
78702224711596
78702224729152
78702224747402
78702224765314
78702224782492
78702224798604
78702226778813
78702226797800
78702226814166
78702226831490
78702226849781
78702226867956
78702226884982
78702226901103
78702228870427
78702228889298
78702228905654
78702228922760
78702228941269
78702228959485
78702228976595
78702228992631
78702230973595
78702230994027
78702231010726
78702231028512
78702231047210
78702231065392
78702231082579
78702231098753
78702233064521
78702233083339
78702233099755
78702233117239
78702233135539
78702233153826
78702233170854
78702233186926
78702235166906
78702235185863
78702235202345
78702235219811
78702235237916
78702235256027
78702235273168
78702235289260
78702237257539
78702237276442
78702237292895
78702237310345
78702237328619
78702237346697
78702237363787
78702237379992
78702239327978
78702239346926
78702239363584
78702239381248
78702239399633
78702239417908
78702239435332
78702239451765
78702241411671
78702241430782
78702241447237
78702241464491
78702241482897
78702241501374
78702241522510
78702241539085
78702243506094
78702243525280
78702243542051
78702243559282
78702243577479
78702243595882
78702243613327
78702243629862
78702245589711
78702245608533
78702245625047
78702245642376
78702245660525
78702245678699
78702245695915
78702245712113
78702247716276
78702247735362
78702247751887
78702247769374
78702247787694
78702247805881
78702247822987
78702247839168
78702249807728
78702249826681
78702249843175
78702249860972
78702249879173
78702249897430
78702249914638
78702249930888
78702251909227
78702251928119
78702251944692
78702251962111
78702251980276
78702251998454
78702252015700
78702252031831
78702254012197
78702254032029
78702254048959
78702254066830
78702254085478
78702254104232
78702254121858
78702254138402
78702256099081
78702256118137
78702256134593
78702256151834
78702256170182
78702256188655
78702256205960
78702256222122
78702258196562
78702258216281
78702258233423
78702258250862
78702258268061
78702258285383
78702258302657
78702258318816
78702260297789
78702260316376
78702260332853
78702260350392
78702260367581
78702260385117
78702260402663
78702260418823
78702262392735
78702262413602
78702262430102
78702262447631
78702262466314
78702262484426
78702262501735
78702262517886
78702264463246
78702264481949
78702264499051
78702264517326
78702264535762
78702264554110
78702264571419
78702264587522
78702266551641
78702266572925
78702266589473
78702266607030
78702266625253
78702266643337
78702266660664
78702266676901
78702268643606
78702268663405
78702268680123
78702268697736
78702268716283
78702268734803
78702268752329
78702268768667
78702270727121
78702270745649
78702270762201
78702270779870
78702270798163
78702270816663
78702270833974
78702270850171
78702272820022
78702272839495
78702272856155
78702272873853
78702272896793
78702272915617
78702272932990
78702272949251
78702274905943
78702274924584
78702274941089
78702274958926
78702274977528
78702274995625
78702275012852
78702275029056
78702277030627
78702277049929
78702277066356
78702277083937
78702277102168
78702277120432
78702277137756
78702277153862
78702279123343
78702279141931
78702279158347
78702279175715
78702279194102
78702279212510
78702279229685
78702279245770
78702281224406
78702281243703
78702281260423
78702281278123
78702281296801
78702281314996
78702281332213
78702281348321
78702283317436
78702283335998
78702283352500
78702283369913
78702283388304
78702283406648
78702283423913
78702283440194
78702285417792
78702285437353
78702285453799
78702285471204
78702285489620
78702285508126
78702285525425
78702285541816
78702287510335
78702287529048
78702287545535
78702287562994
78702287581304
78702287599559
78702287616855
78702287633020
78702289616011
78702289635285
78702289651947
78702289669475
78702289687741
78702289706129
78702289723367
78702289739501
78702291703958
78702291722773
78702291739191
78702291756629
78702291774818
78702291793126
78702291810472
78702291826615
78702293804901
78702293824634
78702293841652
78702293859188
78702293876537
78702293893993
78702293911168
78702293927302
78702295897355
78702295915898
78702295932418
78702295949878
78702295967274
78702295984683
78702296001860
78702296018033
78702297967734
78702297987204
78702298011310
78702298029447
78702298047906
78702298066310
78702298083529
78702298100112
78702300051584
78702300069754
78702300086087
78702300103450
78702300121796
78702300139972
78702300157120
78702300173195
78702302147961
78702302168710
78702302185212
78702302202549
78702302220763
78702302239427
78702302257139
78702302273438
78702304230624
78702304248677
78702304268952
78702304286929
78702304305291
78702304323590
78702304340919
78702304357092
78702306327517
78702306347043
78702306363492
78702306381167
78702306399464
78702306417729
78702306434993
78702306451226
78702308410240
78702308429594
78702308446334
78702308463857
78702308482108
78702308500290
78702308517419
78702308533566
78702310536916
78702310556360
78702310572789
78702310590219
78702310608719
78702310627120
78702310644363
78702310660690
78702312628449
78702312646602
78702312663274
78702312680991
78702312699254
78702312717614
78702312735011
78702312752303
78702314730345
78702314749602
78702314766048
78702314783541
78702314802066
78702314820340
78702314837404
78702314853548
78702316821950
78702316840681
78702316857102
78702316874481
78702316892615
78702316910930
78702316927972
78702316944034
78702318923671
78702318942712
78702318959130
78702318976476
78702318995084
78702319013425
78702319030607
78702319046901
78702321015408
78702321034129
78702321050637
78702321068013
78702321086150
78702321104315
78702321121607
78702321137666
78702323117140
78702323136248
78702323152957
78702323170276
78702323188738
78702323207127
78702323224388
78702323240553
78702325208851
78702325227860
78702325244221
78702325261608
78702325280258
78702325298546
78702325315575
78702325331702
78702327279580
78702327298526
78702327315279
78702327332893
78702327351247
78702327369580
78702327387402
78702327403928
78702329363060
78702329382473
78702329399350
78702329416767
78702329433957
78702329451427
78702329468652
78702329484927
78702331460437
78702331479106
78702331495880
78702331513751
78702331531227
78702331548576
78702331565900
78702331582198
78702333541026
78702333559811
78702333576319
78702333593741
78702333612019
78702333630358
78702333647556
78702333663745
78702335644732
78702335679602
78702335696633
78702335714151
78702335732499
78702335750804
78702335768173
78702335784784
78702337770120
78702337792027
78702337808682
78702337826189
78702337844418
78702337862642
78702337880052
78702337896157
78702339856962
78702339875500
78702339891940
78702339909395
78702339927899
78702339946452
78702339963829
78702339979938
78702341935453
78702341966448
78702341982773
78702342012161
78702342031399
78702342050026
78702342067327
78702342083722
78702344057741
78702344076506
78702344092990
78702344110474
78702344128779
78702344147061
78702344164390
78702344180624
78702346150129
78702346169216
78702346185713
78702346203545
78702346222027
78702346240266
78702346257505
78702346273623
78702348227025
78702348257490
78702348274234
78702348291865
78702348309930
78702348328223
78702348345495
78702348361597
78702350349010
78702350368589
78702350385241
78702350403062
78702350421593
78702350440150
78702350457485
78702350473663
78702352429266
78702352457512
78702352473987
78702352491632
78702352510072
78702352528230
78702352545405
78702352561627
78702354538618
78702354557723
78702354574193
78702354591826
78702354610316
78702354628723
78702354645940
78702354662090
78702356599689
78702356618619
78702356635181
78702356652686
78702356671206
78702356689792
78702356707212
78702356723499
78702358693585
78702358712394
78702358728854
78702358746408
78702358764844
78702358783095
78702358800353
78702358816555
78702360777530
78702360796328
78702360812768
78702360830272
78702360848553
78702360867000
78702360884878
78702360901025
78702362872249
78702362890970
78702362907538
78702362925176
78702362943485
78702362961787
78702362978947
78702362995168
78702364987605
78702365006977
78702365023992
78702365041537
78702365058988
78702365076248
78702365097781
78702365114415
78702367074809
78702367093811
78702367110251
78702367127711
78702367145224
78702367162590
78702367179769
78702367195937
78702369189303
78702369208082
78702369224624
78702369242006
78702369260254
78702369278499
78702369295735
78702369311935
78702371290602
78702371309521
78702371326077
78702371343596
78702371361959
78702371380376
78702371397592
78702371413829
78702373380086
78702373400133
78702373416637
78702373433983
78702373452173
78702373470489
78702373487675
78702373504455
78702375487267
78702375506201
78702375522613
78702375540173
78702375558603
78702375577032
78702375594301
78702375610637
78702377579438
78702377598373
78702377614908
78702377632371
78702377650760
78702377669144
78702377686444
78702377702717
78702379681663
78702379700634
78702379717110
78702379734593
78702379753101
78702379771410
78702379788605
78702379804840
78702381773158
78702381792095
78702381808663
78702381825998
78702381844368
78702381862555
78702381879732
78702381895929
78702383874261
78702383893372
78702383909913
78702383927432
78702383945806
78702383964277
78702383981668
78702383997791
78702385934920
78702385954295
78702385970819
78702385988454
78702386010891
78702386029652
78702386047110
78702386063487
78702388029352
78702388047911
78702388064290
78702388081994
78702388100147
78702388118367
78702388135506
78702388151617
78702390114503
78702390133570
78702390149992
78702390167361
78702390185691
78702390203918
78702390221471
78702390238149
78702392212865
78702392232768
78702392250736
78702392269479
78702392289392
78702392309170
78702392328323
78702392346040
78702394333475
78702394357734
78702394374738
78702394392656
78702394411516
78702394430033
78702394447743
78702394464365
78702396436218
78702396455122
78702396471690
78702396489506
78702396512808
78702396531801
78702396549494
78702396565856
78702398518736
78702398538222
78702398554722
78702398572395
78702398590895
78702398609428
78702398626719
78702398642947
78702400599213
78702400619273
78702400636173
78702400653561
78702400670834
78702400688189
78702400705344
78702400721262
78702402717897
78702402736719
78702402753157
78702402770753
78702402787962
78702402805430
78702402822633
78702402838776
78702404802254
78702404821401
78702404838078
78702404855718
78702404873976
78702404892311
78702404909499
78702404925681
78702406909616
78702406928365
78702406944807
78702406962230
78702406980599
78702406998891
78702407016315
78702407032634
78702409011855
78702409032612
78702409049190
78702409066623
78702409084825
78702409103085
78702409120350
78702409136494
78702411102957
78702411121682
78702411138277
78702411155821
78702411174112
78702411192506
78702411209762
78702411226142
78702413173243
78702413192570
78702413209026
78702413226597
78702413244911
78702413263339
78702413280826
78702413296995
78702415258241
78702415276945
78702415293407
78702415310921
78702415329240
78702415347659
78702415365147
78702415381507
78702417353073
78702417372488
78702417388997
78702417406487
78702417424936
78702417443250
78702417460434
78702417476695
78702419437113
78702419455908
78702419472382
78702419489893
78702419507996
78702419526292
78702419543492
78702419559708
78702421535865
78702421558389
78702421576491
78702421595612
78702421615598
78702421635525
78702421654411
78702421672000
78702423655548
78702423678528
78702423695379
78702423713282
78702423732228
78702423751179
78702423768758
78702423785100
78702425757778
78702425777398
78702425794021
78702425811564
78702425830022
78702425848344
78702425865569
78702425881845
78702427849925
78702427869031
78702427890021
78702427908131
78702427926812
78702427945339
78702427962588
78702427979368
78702429951155
78702429970688
78702429987224
78702430013489
78702430032764
78702430051577
78702430069240
78702430085782
78702432044036
78702432062593
78702432079038
78702432096559
78702432114931
78702432133254
78702432150511
78702432166668
78702434142480
78702434162087
78702434178558
78702434196020
78702434214403
78702434232629
78702434249816
78702434266030
78702436236371
78702436254973
78702436271994
78702436289872
78702436307212
78702436324556
78702436341671
78702436357908
78702438344714
78702438364377
78702438380896
78702438398454
78702438415819
78702438433331
78702438450650
78702438466886
78702440436566
78702440454861
78702440471334
78702440488908
78702440507212
78702440525573
78702440542736
78702440559009
78702442538554
78702442558109
78702442574700
78702442592457
78702442611284
78702442629762
78702442647075
78702442663350
78702444600784
78702444620814
78702444637316
78702444654869
78702444673092
78702444691613
78702444708978
78702444725308
78702446694836
78702446714560
78702446731529
78702446749419
78702446767760
78702446786064
78702446803335
78702446819481
78702448777434
78702448796273
78702448812612
78702448830022
78702448848302
78702448866643
78702448883804
78702448899832
78702450875664
78702450895968
78702450912652
78702450930189
78702450948455
78702450966649
78702450984066
78702451000373
78702452994233
78702453017246
78702453034003
78702453051918
78702453070741
78702453089172
78702453106731
78702453123007
78702455099822
78702455119513
78702455136167
78702455153891
78702455172438
78702455190804
78702455208159
78702455224360
78702457191622
78702457210794
78702457227146
78702457244658
78702457262986
78702457281536
78702457298769
78702457314948
78702459294108
78702459313850
78702459330420
78702459348106
78702459366660
78702459385113
78702459402550
78702459418881
78702461385619
78702461404662
78702461421170
78702461438605
78702461456849
78702461475210
78702461492934
78702461509438
78702463487735
78702463506718
78702463523144
78702463540451
78702463558837
78702463577175
78702463594308
78702463610501
78702465579463
78702465598178
78702465614564
78702465631937
78702465650075
78702465668231
78702465685573
78702465701754
78702467681893
78702467701106
78702467717631
78702467735216
78702467753530
78702467771927
78702467789104
78702467805390
78702469773286
78702469792224
78702469808725
78702469826123
78702469844358
78702469862814
78702469880178
78702469896301
78702471874415
78702471894111
78702471911430
78702471928934
78702471946393
78702471964105
78702471981579
78702471997855
78702473956670
78702473975833
78702474003813
78702474022672
78702474040301
78702474058032
78702474075435
78702474091696
78702476035775
78702476054414
78702476071011
78702476088573
78702476107140
78702476125503
78702476142686
78702476158884
78702478120567
78702478140174
78702478157062
78702478174562
78702478193109
78702478211468
78702478228711
78702478244924
78702480219646
78702480240762
78702480257502
78702480275001
78702480293481
78702480311707
78702480328939
78702480345108
78702482335431
78702482355135
78702482371677
78702482389158
78702482407698
78702482426196
78702482443374
78702482459504
78702484436340
78702484454844
78702484471783
78702484489337
78702484508792
78702484527115
78702484544349
78702484560697
78702486528988
78702486547742
78702486564493
78702486582143
78702486600562
78702486619018
78702486636229
78702486652451
78702488610954
78702488630348
78702488646897
78702488664562
78702488683069
78702488701531
78702488722836
78702488739413
78702490727624
78702490746593
78702490763234
78702490780861
78702490799290
78702490817887
78702490835300
78702490851645
78702492828720
78702492847938
78702492864388
78702492881832
78702492900050
78702492918319
78702492935634
78702492951798
78702494918393
78702494937218
78702494953849
78702494971410
78702494989767
78702495008064
78702495025254
78702495041562
78702497022708
78702497041935
78702497058530
78702497076105
78702497094555
78702497112854
78702497130155
78702497146374
78702499115121
78702499133850
78702499150342
78702499167976
78702499186363
78702499204539
78702499221987
78702499238299
78702501216006
78702501235594
78702501252217
78702501269593
78702501287831
78702501306199
78702501323601
78702501339860
78702503295968
78702503315255
78702503332026
78702503349650
78702503368089
78702503386708
78702503404179
78702503420512
78702505378507
78702505397982
78702505414550
78702505432312
78702505450650
78702505469246
78702505486585
78702505502750
78702507463877
78702507483103
78702507500044
78702507517626
78702507535103
78702507552542
78702507569897
78702507586156
78702509557421
78702509576684
78702509593287
78702509610814
78702509628151
78702509645613
78702509663039
78702509679245
78702511673064
78702511691614
78702511708448
78702511726110
78702511744369
78702511762810
78702511780139
78702511796424
78702513772796
78702513792346
78702513809133
78702513826563
78702513844769
78702513863111
78702513880301
78702513896452
78702515867190
78702515887199
78702515903775
78702515921256
78702515939474
78702515957943
78702515975345
78702515991575
78702517966708
78702517986031
78702518012393
78702518030824
78702518049468
78702518068564
78702518086841
78702518103422
78702520059636
78702520078501
78702520094950
78702520112373
78702520134754
78702520153410
78702520170788
78702520186948
78702522162473
78702522182255
78702522198907
78702522216376
78702522234638
78702522252744
78702522269997
78702522286078
78702524254329
78702524272618
78702524289430
78702524307040
78702524325468
78702524343755
78702524360958
78702524377239
78702526355801
78702526375299
78702526391814
78702526409240
78702526427557
78702526446078
78702526463694
78702526479843
78702528447468
78702528465805
78702528482357
78702528500158
78702528518539
78702528536625
78702528553938
78702528570131
78702530549214
78702530568798
78702530585527
78702530603151
78702530621426
78702530639569
78702530656885
78702530673009
78702532646089
78702532667972
78702532685281
78702532703287
78702532722381
78702532741853
78702532759793
78702532776343
78702534719697
78702534739479
78702534756244
78702534773997
78702534792601
78702534811158
78702534828703
78702534845192
78702536802744
78702536821915
78702536838440
78702536855955
78702536874420
78702536892984
78702536910520
78702536926851
78702538896777
78702538915866
78702538932599
78702538950233
78702538968563
78702538987127
78702539004636
78702539020887
78702540980201
78702540998847
78702541015532
78702541033357
78702541052494
78702541070983
78702541088336
78702541104739
78702543106484
78702543126161
78702543143314
78702543161183
78702543178911
78702543196529
78702543214137
78702543230567
78702545200396
78702545219953
78702545236432
78702545254143
78702545271741
78702545289399
78702545306815
78702545323093
78702547275603
78702547294975
78702547311731
78702547329368
78702547348003
78702547366428
78702547383814
78702547400120
78702549390190
78702549409109
78702549425705
78702549443288
78702549461870
78702549480333
78702549498063
78702549514607
78702551493277
78702551514005
78702551530722
78702551552782
78702551571520
78702551589998
78702551607667
78702551623913
78702553583882
78702553602799
78702553619215
78702553636786
78702553655282
78702553673712
78702553691000
78702553707237
78702555685651
78702555704892
78702555721381
78702555739016
78702555757607
78702555775871
78702555793259
78702555809538
78702557777429
78702557796295
78702557812777
78702557830347
78702557848677
78702557867116
78702557884362
78702557900610
78702559879610
78702559898724
78702559915218
78702559932662
78702559951178
78702559969743
78702559986947
78702560003177
78702561971858
78702562000928
78702562019243
78702562037373
78702562056378
78702562075306
78702562093059
78702562109938
78702564041528
78702564060613
78702564077485
78702564095112
78702564113841
78702564132471
78702564150062
78702564166745
78702566126245
78702566145557
78702566162023
78702566179441
78702566197894
78702566216453
78702566233844
78702566250090
78702568221530
78702568239826
78702568256482
78702568274014
78702568292139
78702568310571
78702568327981
78702568344324
78702570304572
78702570323561
78702570340162
78702570357663
78702570376152
78702570394412
78702570411813
78702570428026
78702572429300
78702572448045
78702572464447
78702572482065
78702572500479
78702572518728
78702572535836
78702572552057
78702574521953
78702574541381
78702574557866
78702574575521
78702574593905
78702574612171
78702574629574
78702574645840
78702576622726
78702576641226
78702576657691
78702576675207
78702576693482
78702576711751
78702576728987
78702576745122
78702578715251
78702578734860
78702578751867
78702578769430
78702578786924
78702578804380
78702578821613
78702578837869
78702580816191
78702580835480
78702580852069
78702580869632
78702580887132
78702580904550
78702580921865
78702580938137
78702582909084
78702582932223
78702582949188
78702582966758
78702582984993
78702583003375
78702583020828
78702583037070
78702585010379
78702585029708
78702585046011
78702585063373
78702585081767
78702585100237
78702585117605
78702585133872
78702587104132
78702587124265
78702587140969
78702587158371
78702587176505
78702587194826
78702587212271
78702587228492
78702589203836
78702589223163
78702589239696
78702589257342
78702589275539
78702589294075
78702589311232
78702589327444
78702591296257
78702591314946
78702591331519
78702591349028
78702591367595
78702591385971
78702591403306
78702591419572
78702593366451
78702593386007
78702593402858
78702593420628
78702593439110
78702593457601
78702593475029
78702593491661
78702595450411
78702595468832
78702595485435
78702595503042
78702595521908
78702595540192
78702595557530
78702595573698
78702597543160
78702597562320
78702597578932
78702597596380
78702597614798
78702597633228
78702597650500
78702597666776
78702599628788
78702599647180
78702599663655
78702599681276
78702599699601
78702599717872
78702599735203
78702599751384
78702601753837
78702601773254
78702601789793
78702601807175
78702601825549
78702601843839
78702601861210
78702601877530
78702603846433
78702603865220
78702603881834
78702603899369
78702603917679
78702603936013
78702603953343
78702603969655
78702605947390
78702605966803
78702605983385
78702606012109
78702606031302
78702606049978
78702606067661
78702606084317
78702608040739
78702608059615
78702608076098
78702608093535
78702608111942
78702608130328
78702608147714
78702608163933
78702610135652
78702610154981
78702610171465
78702610188949
78702610207395
78702610225693
78702610242803
78702610259038
78702612234671
78702612252719
78702612269157
78702612286759
78702612305069
78702612323522
78702612344847
78702612361479
78702614336801
78702614356986
78702614374066
78702614392180
78702614409806
78702614427195
78702614444495
78702614460773
78702616428634
78702616446755
78702616463291
78702616480661
78702616497973
78702616515438
78702616532591
78702616548790
78702618499216
78702618518729
78702618535189
78702618552572
78702618570938
78702618589337
78702618606632
78702618622909
78702620613906
78702620631948
78702620648363
78702620665670
78702620683885
78702620702332
78702620719375
78702620735489
78702622685904
78702622706444
78702622723286
78702622741117
78702622759611
78702622778088
78702622795303
78702622811575
78702624768017
78702624787107
78702624803712
78702624821258
78702624839812
78702624857997
78702624875202
78702624891358
78702626861492
78702626880227
78702626896819
78702626914523
78702626932879
78702626951196
78702626968521
78702626984877
78702628945606
78702628964454
78702628981125
78702628998937
78702629017336
78702629035635
78702629052922
78702629069362
78702631039712
78702631058756
78702631075327
78702631092844
78702631111385
78702631129890
78702631147217
78702631163549
78702633150663
78702633169491
78702633186092
78702633203604
78702633222071
78702633240342
78702633257799
78702633273985
78702635256600
78702635276004
78702635292488
78702635310095
78702635328584
78702635346961
78702635364334
78702635380569
